ymin	ymax	x	group
0.95690298031789	0.967914594250873	0.000491935767244106	41
0.961823951420927	0.975269001182229	0.00149337643627675	41
0.950490713103544	0.990762119300001	0.00249481710530939	41
0.852190076339229	0.9665577117357	0.00349625777434204	41
0.497923155864733	0.903621119775628	0.00449769844337468	41
0.4845766023655	0.656325676039555	0.00549913911240732	41
0.535415113327258	0.667402037182981	0.00650057978143997	41
0.306666895645849	0.646352687325255	0.00750202045047261	41
0.0381807931653744	0.296369169162554	0.00850346111950525	41
0.191592007165391	0.322207379976919	0.0095049017885379	41
0.0393740480356419	0.375519430807927	0.0105063424575705	41
0.0125667438524858	0.123936735352326	0.0115077831266032	41
0.00443102632865135	0.0518827324561464	0.0125092237956358	41
0.000601950009123131	0.00793331575699001	0.0135106644646685	41
0.00114637048092192	0.00396947579291685	0.0145121051337011	41
2.25011836409836e-05	0.000254889254659257	0.0155135458027338	41
9.32652908486761e-05	0.000212526569793059	0.0165149864717664	41
8.73784236460449e-06	0.00862893456514931	0.017516427140799	41
0.000417449299031222	0.082897507928448	0.0185178678098317	41
0.0845031687415707	0.835488740059973	0.0195193084788643	41
0.434495488155101	0.884816855955038	0.020520749147897	41
0.501108064714198	0.687457187736626	0.0215221898169296	41
0.045816733946683	0.48145569922526	0.0225236304859623	41
0.3154300687847	0.657602863953346	0.0235250711549949	41
0.35166796981381	0.980514511171568	0.0245265118240276	41
0.216473712329898	0.648280659071807	0.0255279524930602	41
0.195340220462405	0.516236231690941	0.0265293931620928	41
0.0361294985706169	0.24720809595341	0.0275308338311255	41
0.253656844019841	0.790196656019728	0.0285322745001581	41
0.180652356914862	0.794694213124137	0.0295337151691908	41
0.336844723883282	0.510621187916036	0.0305351558382234	41
0.507428277336027	0.964874825615565	0.0315365965072561	41
0.875257843792174	0.976186311314284	0.0325380371762887	41
0.823974734866669	0.984295011247019	0.0335394778453213	41
0.607560328231584	0.970669787394541	0.034540918514354	41
0.0137171553074497	0.574508869773855	0.0355423591833866	41
0.27703324841346	0.419968560628602	0.0365437998524193	41
0.121546370553144	0.658505856662646	0.0375452405214519	41
0.347728650088227	0.928305339219795	0.0385466811904846	41
0.101023851292647	0.339490776858723	0.0395481218595172	41
0.0467302489159186	0.498860149251506	0.0405495625285498	41
0.0149705687451839	0.184683457603987	0.0415510031975825	41
0.00181791247671943	0.0320686867785507	0.0425524438666151	41
0.00339824732308376	0.0341966995495904	0.0435538845356478	41
2.85739270749185e-05	0.00320849936084946	0.0445553252046804	41
8.77684148330168e-05	0.000337192930736115	0.0455567658737131	41
0.000215158047567631	0.00063843926089794	0.0465582065427457	41
7.16289578847627e-06	0.00020715400396064	0.0475596472117783	41
3.15454584263041e-06	2.46750965852416e-05	0.048561087880811	41
6.23967028893587e-07	4.24708690340478e-06	0.0495625285498436	41
1.87204447411518e-06	3.44989688219468e-06	0.0505639692188763	41
6.08855529338674e-07	2.16772402424008e-06	0.0515654098879089	41
7.60013451028245e-08	7.26610059520613e-07	0.0525668505569416	41
9.90342886227193e-09	5.10045301764116e-07	0.0535682912259742	41
1.12798103311897e-08	2.13410695021042e-08	0.0545697318950069	41
3.02548197386104e-10	1.03087705558772e-08	0.0555711725640395	41
3.43128600007249e-11	8.66891897214827e-07	0.0565726132330721	41
9.18827363601372e-07	1.42719940433124e-06	0.0575740539021048	41
9.62101745437728e-08	5.32615745178452e-06	0.0585754945711374	41
7.37252548672896e-07	2.17290547388404e-06	0.0595769352401701	41
1.96688895251661e-06	5.89785268202313e-06	0.0605783759092027	41
2.29248784217405e-08	4.48325018191711e-06	0.0615798165782354	41
1.43731699363329e-07	4.40470317382618e-07	0.062581257247268	41
3.70330000450377e-09	2.02573634562329e-06	0.0635826979163006	41
2.53689232939937e-08	4.75161164021314e-08	0.0645841385853333	41
1.60341672757385e-09	2.49851036623475e-08	0.0655855792543659	41
4.04217241313335e-09	5.2647932233113e-07	0.0665870199233986	41
6.28734879556852e-09	1.08985494842632e-07	0.0675884605924312	41
1.94664814499668e-09	2.79485771996069e-07	0.0685899012614639	41
3.15046295389436e-08	1.64319265964492e-07	0.0695913419304965	41
4.38866425363608e-08	1.1401980083347e-06	0.0705927825995291	41
7.07812903254973e-07	4.8448419427904e-06	0.0715942232685618	41
2.43673744703532e-07	2.23978476797713e-05	0.0725956639375944	41
3.10204388042641e-07	1.33543036460225e-06	0.0735971046066271	41
3.0152464647674e-07	2.65240832565332e-06	0.0745985452756597	41
2.78178800997326e-06	1.96548060560738e-05	0.0755999859446924	41
7.36499446218208e-06	0.000432368283680695	0.076601426613725	41
3.65928567898086e-06	1.11426040941084e-05	0.0776028672827577	41
5.20457507587704e-06	1.58618252383329e-05	0.0786043079517903	41
4.825232640056e-06	1.88858869310069e-05	0.0796057486208229	41
9.60994153884282e-06	0.000521501466099426	0.0806071892898556	41
5.26718208490624e-06	7.86690830868165e-05	0.0816086299588882	41
3.73924791168858e-06	7.20043342809252e-05	0.0826100706279209	41
2.19557510789995e-05	0.000144390944840423	0.0836115112969535	41
5.45425279644336e-05	0.000288863296039108	0.0846129519659862	41
5.77586184680597e-06	0.00181958039132672	0.0856143926350188	41
1.84371101921603e-05	3.64224711159867e-05	0.0866158333040514	41
3.95126284771547e-06	1.71640707552087e-05	0.0876172739730841	41
1.49549181161165e-05	3.3436959660129e-05	0.0886187146421167	41
1.33927742906438e-05	3.48518462415113e-05	0.0896201553111494	41
1.00342155738424e-06	6.07711310211177e-05	0.090621595980182	41
1.9974127030048e-07	1.30226818345935e-06	0.0916230366492147	41
4.63619193887699e-07	6.52268351665944e-06	0.0926244773182473	41
2.08527577059875e-06	3.28450651852164e-05	0.0936259179872799	41
5.91781431487691e-06	0.00011807366531417	0.0946273586563126	41
5.39912645351315e-06	1.05357550059778e-05	0.0956287993253452	41
9.36077536826983e-07	8.66543332513648e-06	0.0966302399943779	41
8.8792200096696e-07	5.78037428534728e-06	0.0976316806634105	41
6.30210294512693e-07	2.82616890417644e-06	0.0986331213324432	41
1.41135022813443e-06	1.87621470612801e-06	0.0996345620014758	41
7.88488419269461e-07	1.89383699559393e-06	0.100636002670508	41
1.07089330072794e-06	2.61168005520553e-06	0.101637443339541	41
2.65586168636262e-06	4.52545912352225e-06	0.102638884008574	41
4.54091159874046e-06	5.43574469362508e-06	0.103640324677606	41
5.44570743875722e-06	7.4978750398067e-06	0.104641765346639	41
7.58770278265864e-06	1.99766632293677e-05	0.105643206015672	41
2.04330266721902e-05	7.07372126297725e-05	0.106644646684704	41
4.28661126039175e-06	4.02563310819632e-05	0.107646087353737	41
1.16316716142555e-05	7.09274080845597e-05	0.10864752802277	41
6.12644938224885e-05	0.000325275933777191	0.109648968691802	41
5.79080050106568e-05	0.000125560539318784	0.110650409360835	41
2.0835013652798e-05	8.50748701755002e-05	0.111651850029868	41
4.15887674706467e-06	0.000283823550794239	0.1126532906989	41
1.56542415646884e-06	9.80537461925399e-05	0.113654731367933	41
9.99515023528616e-05	0.000143378673506905	0.114656172036965	41
1.06778232763361e-05	0.000136960349195261	0.115657612705998	41
2.74095562375187e-05	0.00212339414804413	0.116659053375031	41
5.0676787387163e-05	0.00025766320488092	0.117660494044063	41
6.6972448845907e-05	0.00140101328712411	0.118661934713096	41
0.000174158090028485	0.00140861316808904	0.119663375382129	41
0.00127696039048876	0.023995126090559	0.120664816051161	41
0.000415186879735783	0.0641741624882929	0.121666256720194	41
0.000568250146485655	0.00114401773767118	0.122667697389227	41
6.15149722920295e-05	0.000508649801447602	0.123669138058259	41
5.60477147665325e-05	0.00221765262707284	0.124670578727292	41
0.000168605415335364	0.00723462734349853	0.125672019396325	41
0.000318529887719888	0.00950352004764487	0.126673460065357	41
0.000835431796179064	0.00477796386215412	0.12767490073439	41
1.47316516717411e-05	0.00161736104854022	0.128676341403422	41
3.64870505714896e-07	0.000867544071861401	0.129677782072455	41
8.09266994568308e-05	0.00199045664299052	0.130679222741488	41
7.574263753605e-05	0.000184911526540347	0.13168066341052	41
2.39876916651359e-05	0.000401549686226998	0.132682104079553	41
0.00027123142854624	0.000408828222277755	0.133683544748586	41
1.38654497012645e-05	0.00026723646833601	0.134684985417618	41
1.7607099318323e-06	4.0133293413194e-05	0.135686426086651	41
2.94095274046851e-07	3.9576934711541e-05	0.136687866755684	41
8.9865384589179e-07	1.15841741543871e-05	0.137689307424716	41
2.29694687442065e-08	1.68071794178695e-05	0.138690748093749	41
4.29082126454907e-07	1.26038497925951e-05	0.139692188762782	41
9.67948021258509e-08	5.77798008587643e-05	0.140693629431814	41
2.63160269916256e-05	0.000854961423199564	0.141695070100847	41
0.000559016033716407	0.00165358225175051	0.142696510769879	41
3.03371318364027e-06	0.000548946946954643	0.143697951438912	41
3.78333988039132e-05	0.000133696806006419	0.144699392107945	41
1.44604362781217e-05	5.31007019525943e-05	0.145700832776977	41
6.67382284363432e-07	1.75545683981247e-05	0.14670227344601	41
7.27836057098233e-07	6.76804900877657e-05	0.147703714115043	41
5.05575647821275e-05	0.000134319575641655	0.148705154784075	41
0.000111031091025312	0.000228596480517166	0.149706595453108	41
7.62397276684413e-05	0.000321709390965141	0.150708036122141	41
2.52954404672649e-05	0.000978357846330443	0.151709476791173	41
6.77101850553415e-05	0.00119478142332569	0.152710917460206	41
0.000105252473208272	0.0100034638938845	0.153712358129239	41
1.77239044387744e-06	0.00372595013098046	0.154713798798271	41
3.42440203233556e-06	9.36616109661271e-06	0.155715239467304	41
8.53933865936926e-07	3.35184588634052e-06	0.156716680136336	41
5.17590031709353e-07	4.38420422705244e-05	0.157718120805369	41
2.13983193069887e-05	0.00116649672542751	0.158719561474402	41
0.000411796852735264	0.0648548819358765	0.159721002143434	41
0.00255835777945048	0.0338800626945799	0.160722442812467	41
0.00194033809575416	0.0134538301161029	0.1617238834815	41
0.00013611369152707	0.00702000387134909	0.162725324150532	41
0.000809051804099108	0.00326828943426763	0.163726764819565	41
0.000990047838862181	0.00746660095672857	0.164728205488598	41
0.00128210551050249	0.00140609832271006	0.16572964615763	41
0.000300107299983812	0.00127243267613863	0.166731086826663	41
2.76943326415661e-05	0.00213123543304106	0.167732527495696	41
0.000123997893155521	0.00397658058967799	0.168733968164728	41
0.0002420535866536	0.00764256466677409	0.169735408833761	41
0.00844975387295263	0.134435453577862	0.170736849502793	41
0.00490459056312769	0.102888876043731	0.171738290171826	41
0.0014266466323924	0.0298938745796848	0.172739730840859	41
0.000995604769336462	0.118337157749023	0.173741171509891	41
0.00251986191001903	0.00746926765352228	0.174742612178924	41
0.00114989954140536	0.00376323527221742	0.175744052847957	41
0.000262415626064684	0.00259622589427744	0.176745493516989	41
0.000831456771113164	0.00275795932486097	0.177746934186022	41
0.00280069004697183	0.011649490781714	0.178748374855055	41
0.000798139819317692	0.0106673830847513	0.179749815524087	41
0.000144179122788415	0.00164282171540214	0.18075125619312	41
0.000161587830295374	0.00255026069907522	0.181752696862153	41
0.000331036038522834	0.0529774921763004	0.182754137531185	41
9.86793499677715e-06	0.000351780283117311	0.183755578200218	41
1.51230845145899e-05	0.0004955953975638	0.184757018869251	41
6.00968075041006e-06	5.03566849186451e-05	0.185758459538283	41
1.40641654238054e-06	3.31844598986217e-05	0.186759900207316	41
3.59012961902019e-05	7.06478177264056e-05	0.187761340876348	41
5.87779944983704e-07	7.04616430383591e-05	0.188762781545381	41
1.91428741965004e-08	2.12332043706781e-05	0.189764222214414	41
1.87155250085351e-05	0.000294375779999148	0.190765662883446	41
1.37981654475061e-05	8.3353135761824e-05	0.191767103552479	41
3.68305694861259e-05	0.000425642379223379	0.192768544221512	41
2.38543425073404e-05	0.000277263572211791	0.193769984890544	41
8.85013103043029e-05	0.000787822190312532	0.194771425559577	41
1.78727532375063e-05	0.00111151110228893	0.19577286622861	41
0.000695050637982931	0.00162608474512034	0.196774306897642	41
0.00111866056932569	0.00172404820286046	0.197775747566675	41
0.00122705963131762	0.00239794158904246	0.198777188235708	41
0.000268417544983975	0.00457335579814682	0.19977862890474	41
7.97395011290834e-05	0.00201166610752869	0.200780069573773	41
0.000684750995393934	0.002114570807983	0.201781510242805	41
0.000540637149502018	0.00804119164342792	0.202782950911838	41
0.000645094158410543	0.000763159231105727	0.203784391580871	41
0.000549141435833491	0.00118051773126542	0.204785832249903	41
0.000237948053728058	0.00055038528775357	0.205787272918936	41
3.49557014517215e-06	0.00134876164890628	0.206788713587969	41
6.20099049739471e-05	0.000507262846690627	0.207790154257001	41
4.89822950797619e-06	0.000108492340603021	0.208791594926034	41
1.14619001550105e-07	5.59717448220192e-05	0.209793035595067	41
5.03733777063189e-06	2.84922196886976e-05	0.210794476264099	41
3.23696786909327e-05	0.000540464419219761	0.211795916933132	41
1.84533425410786e-06	5.32117503083204e-05	0.212797357602165	41
5.36448877993886e-08	1.56454025411678e-06	0.213798798271197	41
6.05632326670064e-08	2.02003695249744e-06	0.21480023894023	41
3.07555526827974e-08	1.92222324786057e-06	0.215801679609262	41
3.73844406507274e-07	1.53136400811585e-06	0.216803120278295	41
3.02752971715489e-08	7.55621529283965e-07	0.217804560947328	41
7.35578706865058e-09	6.57365171195545e-07	0.21880600161636	41
3.47538002022031e-12	5.97613766922098e-08	0.219807442285393	41
3.10370288585217e-11	6.46022164582212e-07	0.220808882954426	41
1.95256836472068e-07	2.91501373576311e-06	0.221810323623458	41
8.1256373912371e-08	1.32192787329547e-05	0.222811764292491	41
1.55922078349118e-08	4.05280367809509e-06	0.223813204961524	41
2.1185884829195e-10	1.8263676607653e-07	0.224814645630556	41
3.52846453806702e-09	7.02045775824839e-08	0.225816086299589	41
2.79126006854867e-08	3.91982084437907e-08	0.226817526968622	41
2.06435926574822e-08	3.5576053092663e-08	0.227818967637654	41
3.82891007893396e-09	3.01027136594581e-08	0.228820408306687	41
1.55449942212979e-10	1.51684395806756e-08	0.229821848975719	41
3.94613161830341e-09	9.01014771448989e-08	0.230823289644752	41
1.60526965246219e-10	1.1424396464868e-07	0.231824730313785	41
1.5986424913688e-09	7.166035660578e-09	0.232826170982817	41
3.11179251454622e-09	4.57388382054938e-07	0.23382761165185	41
5.87614096352586e-08	1.9135039373804e-06	0.234829052320883	41
1.21445263213486e-07	6.97813951690883e-07	0.235830492989915	41
4.93836747297968e-10	2.15072147593929e-07	0.236831933658948	41
5.6090088252036e-12	3.61590999739546e-09	0.237833374327981	41
4.24742533922562e-09	8.11621265003249e-08	0.238834814997013	41
6.57630829245813e-09	1.50041994807844e-07	0.239836255666046	41
2.62513202397083e-08	1.01359903310455e-06	0.240837696335079	41
8.7619972510746e-09	3.70644361024549e-06	0.241839137004111	41
2.84738341115176e-10	1.43403752638554e-07	0.242840577673144	41
2.77279487827573e-08	7.10980038460582e-07	0.243842018342176	41
3.04209109978361e-08	1.5431700315362e-06	0.244843459011209	41
4.33093709468505e-08	1.07133662980186e-06	0.245844899680242	41
1.3661902417934e-08	8.05497065513585e-07	0.246846340349274	41
1.03885516265006e-07	1.6137759172449e-06	0.247847781018307	41
1.71481657344501e-07	1.76082728446114e-06	0.24884922168734	41
7.85605311939623e-08	1.47148153760015e-06	0.249850662356372	41
2.30255528774908e-08	4.14522033751046e-07	0.250852103025405	41
1.36370395683752e-07	1.50686015337946e-05	0.251853543694438	41
7.5456184922793e-06	0.000236948568437485	0.25285498436347	41
2.29387068989453e-06	6.95219245420119e-05	0.253856425032503	41
5.86931100284622e-07	5.00664720991624e-06	0.254857865701536	41
1.40608790108692e-07	1.06002786062349e-06	0.255859306370568	41
1.73207015450487e-08	3.25028247616946e-07	0.256860747039601	41
8.02808722489431e-08	2.05550796861274e-07	0.257862187708633	41
2.26849857971e-08	3.02789958222785e-07	0.258863628377666	41
3.1523743697793e-07	1.81184944340185e-06	0.259865069046699	41
1.58207969233258e-06	2.75733170671714e-05	0.260866509715731	41
7.94260018118849e-06	1.89424120083581e-05	0.261867950384764	41
1.26254713158839e-05	9.21860816200759e-05	0.262869391053797	41
5.41353149758223e-06	3.69103193109354e-05	0.263870831722829	41
6.31299429070425e-06	0.000255068511487737	0.264872272391862	41
2.17200737898025e-06	4.54207728318185e-05	0.265873713060895	41
2.26430157889172e-05	0.000576512484993255	0.266875153729927	41
0.000189896048149646	0.000747485670617253	0.26787659439896	41
3.18644252483228e-06	0.000805198212717685	0.268878035067993	41
5.71589022538618e-06	5.8905311014923e-05	0.269879475737025	41
3.11733767378957e-06	0.000746059496448943	0.270880916406058	41
5.28180772434415e-05	0.000300478328738153	0.271882357075091	41
0.00011177482581959	0.000179838860894008	0.272883797744123	41
5.55659914025642e-05	0.000111280926736231	0.273885238413156	41
6.38248122490543e-06	5.49598085957314e-05	0.274886679082188	41
3.04823636964982e-06	2.59890347503043e-05	0.275888119751221	41
3.30981952502992e-06	3.18476636812251e-05	0.276889560420254	41
1.90258138179058e-05	3.65972673592523e-05	0.277891001089286	41
3.70607348207102e-05	0.000119184278145688	0.278892441758319	41
2.28359339733057e-05	0.000155843761209641	0.279893882427352	41
4.77794275738106e-05	0.000116419551162139	0.280895323096384	41
1.47603009202999e-05	0.000429476744217332	0.281896763765417	41
1.70161619862579e-05	0.000822951568919488	0.28289820443445	41
0.000201554976607703	0.00816598676104965	0.283899645103482	41
9.80174420032741e-05	0.00174719285098079	0.284901085772515	41
6.83792794663277e-06	0.000293032905130177	0.285902526441548	41
5.32779431168521e-07	0.00189460556742202	0.28690396711058	41
3.61186712691076e-06	0.000113092877522719	0.287905407779613	41
3.06130799277141e-06	0.000140385363549373	0.288906848448645	41
9.06502743826918e-05	0.0352470345121474	0.289908289117678	41
0.0058689367108319	0.0504536215006427	0.290909729786711	41
0.00177266088911371	0.0160907224044377	0.291911170455743	41
0.00383460546557678	0.0291095331023786	0.292912611124776	41
0.00704696851353209	0.180759598920387	0.293914051793809	41
0.0336766300795382	0.469922908914872	0.294915492462841	41
0.103480747910499	0.374472863627317	0.295916933131874	41
0.111037298574082	0.602965978019564	0.296918373800907	41
0.423120296463947	0.51027039753247	0.297919814469939	41
0.250200031085998	0.688413580413018	0.298921255138972	41
0.33341879718899	0.713672939403416	0.299922695808005	41
0.10817503817503	0.723601359584183	0.300924136477037	41
0.0019139650906614	0.226740521286395	0.30192557714607	41
0.0254480142071421	0.42277123311156	0.302927017815102	41
0.290449762588502	0.692879944703112	0.303928458484135	41
0.0517269284864339	0.765089368678484	0.304929899153168	41
0.0106168514512533	0.0633043939485551	0.3059313398222	41
0.00377390893157702	0.571975791398234	0.306932780491233	41
0.000600539144778446	0.00684073696083252	0.307934221160266	41
0.00117265479235423	0.0143453342532922	0.308935661829298	41
5.63459034758502e-05	0.00112160906853448	0.309937102498331	41
3.5841567572509e-05	0.000266894414962606	0.310938543167364	41
4.63295632561585e-07	3.38159866997095e-05	0.311939983836396	41
1.61498059292203e-10	1.49547347658931e-06	0.312941424505429	41
2.2023371193682e-07	0.000514531837239962	0.313942865174462	41
0.000531384827579709	0.0082390203617757	0.314944305843494	41
0.00585216248223882	0.204195133543784	0.315945746512527	41
0.0160432517559903	0.247241195506983	0.316947187181559	41
0.139203144178411	0.871749756051091	0.317948627850592	41
0.0656316697876421	0.401805812441393	0.318950068519625	41
0.00540564003949768	0.116218811952043	0.319951509188657	41
0.000207203004068254	0.0191557552580539	0.32095294985769	41
0.000650248462928881	0.00579511146529308	0.321954390526723	41
7.97392341437621e-07	0.0661311642352757	0.322955831195755	41
0.00927210814128935	0.0532073004537983	0.323957271864788	41
0.000202123768924914	0.0220000887855748	0.324958712533821	41
0.00137147587520341	0.106072597595209	0.325960153202853	41
0.0620974705901403	0.656998564478203	0.326961593871886	41
0.102231486155894	0.815395024379182	0.327963034540919	41
0.133551541099748	0.691868027000327	0.328964475209951	41
0.0334200071088771	0.661979321443071	0.329965915878984	41
0.278669849818699	0.884417984445328	0.330967356548016	41
0.163245559425872	0.935863383164828	0.331968797217049	41
0.588824153713954	0.920644829681068	0.332970237886082	41
0.531871348613946	0.626612216012224	0.333971678555114	41
0.154006432650869	0.528998219071704	0.334973119224147	41
0.363782365427237	0.470326574075141	0.33597455989318	41
0.273774203890453	0.362382991693379	0.336976000562212	41
0.131552800001619	0.270340084335434	0.337977441231245	41
0.0299892857901356	0.126671236526073	0.338978881900278	41
0.0219135167359313	0.0499953495347064	0.33998032256931	41
0.029207029452302	0.0391122710534404	0.340981763238343	41
0.00395650119007209	0.0288487766919815	0.341983203907376	41
8.35712816374242e-05	0.0037119558069787	0.342984644576408	41
7.15805856443585e-05	0.000784051721364817	0.343986085245441	41
0.000834687464625282	0.00177275134996399	0.344987525914473	41
0.000570496233336626	0.00140603041563158	0.345988966583506	41
6.86634958897306e-05	0.000559383329777409	0.346990407252539	41
1.69746159721416e-05	0.000473209139986851	0.347991847921571	41
0.000286973798299117	0.000768832158513859	0.348993288590604	41
5.48383031255448e-05	0.000910428680885516	0.349994729259637	41
0.0008377157687972	0.00193844419813941	0.350996169928669	41
0.00113742421500374	0.00791336771142851	0.351997610597702	41
0.00592873386486454	0.00834122164874039	0.352999051266735	41
0.0021416445467861	0.0461107144297889	0.354000491935767	41
0.0158366088693213	0.0793942248676848	0.3550019326048	41
0.00677588945484376	0.157332212373433	0.356003373273833	41
0.0172922060056363	0.121279257902012	0.357004813942865	41
0.000731337223122452	0.0404833568864899	0.358006254611898	41
0.001174235740192	0.0151952005113905	0.35900769528093	41
5.55173373405737e-06	0.00172517345904442	0.360009135949963	41
9.05744803162713e-05	0.000574311002375024	0.361010576618996	41
0.000185531592756159	0.000469535629554053	0.362012017288028	41
7.13326089953291e-05	0.00107590275114961	0.363013457957061	41
5.40745812906577e-05	0.0016385802316329	0.364014898626094	41
3.8640994472625e-05	0.000148296834454374	0.365016339295126	41
1.13873024205844e-05	0.00413002696649784	0.366017779964159	41
0.000210079930660984	0.00312285086102878	0.367019220633192	41
0.000209991713857479	0.00460382654827045	0.368020661302224	41
3.43963491106819e-06	0.000199272333829999	0.369022101971257	41
6.28488088129841e-07	1.10716610631711e-05	0.37002354264029	41
1.73318673284168e-06	4.82981183416027e-06	0.371024983309322	41
4.97789954409585e-06	3.29229589764043e-05	0.372026423978355	41
1.7754572823973e-05	2.51767659074212e-05	0.373027864647387	41
7.90402607504136e-06	1.75329617757711e-05	0.37402930531642	41
5.53938793350209e-07	7.72657903130687e-06	0.375030745985453	41
2.81002545710042e-08	5.2838645363342e-07	0.376032186654485	41
1.95102962544471e-10	1.29404680216898e-07	0.377033627323518	41
6.15579535717887e-08	1.83879317667533e-07	0.378035067992551	41
2.44619777388434e-10	5.99919281430917e-08	0.379036508661583	41
8.36460219015672e-09	2.59377908688374e-08	0.380037949330616	41
2.1406865004886e-08	4.50215413415261e-08	0.381039389999649	41
4.28628737196268e-08	5.44647147244541e-08	0.382040830668681	41
4.95189493111773e-09	4.22301354484946e-08	0.383042271337714	41
2.5227402991653e-12	4.8852633982335e-09	0.384043712006747	41
1.79377816920615e-10	1.4682685164468e-09	0.385045152675779	41
8.74751972407127e-13	1.15749509606822e-09	0.386046593344812	41
1.65378410379263e-10	3.4627026238957e-10	0.387048034013844	41
3.34356246307299e-11	3.45706718931084e-10	0.388049474682877	41
2.32903854400392e-13	1.6348906526837e-10	0.38905091535191	41
1.19799089249097e-10	1.86727528159086e-10	0.390052356020942	41
9.86480142689756e-11	3.07416412087359e-10	0.391053796689975	41
6.37426217002888e-13	2.00973043996378e-10	0.392055237359008	41
1.32989146306027e-11	1.03451480291218e-10	0.39305667802804	41
7.5938413698504e-12	7.6866082813827e-10	0.394058118697073	41
8.01786025954944e-12	1.15453741820964e-09	0.395059559366106	41
9.56443881520751e-10	1.11464516712199e-08	0.396061000035138	41
7.58737189409886e-09	4.36107464140245e-07	0.397062440704171	41
8.08456760598541e-09	3.08263707469092e-08	0.398063881373204	41
9.92126499626705e-11	7.78644212416492e-09	0.399065322042236	41
5.04155800959633e-10	3.69409259380581e-09	0.400066762711269	41
8.10146839046519e-10	6.70188647242084e-08	0.401068203380301	41
5.01987332236363e-08	5.05157815467982e-07	0.402069644049334	41
5.72875854057661e-08	2.82275841542768e-07	0.403071084718367	41
7.11392372399962e-09	8.66735374357667e-08	0.404072525387399	41
7.81856577326417e-10	6.78675620741284e-09	0.405073966056432	41
9.7102969992209e-10	1.71464574958295e-08	0.406075406725465	41
1.76003486364036e-08	9.30358648094398e-08	0.407076847394497	41
5.79012623811361e-08	1.56555041221058e-07	0.40807828806353	41
1.08344846874999e-07	9.1494301012332e-07	0.409079728732563	41
5.72156926568152e-07	1.40338480669864e-05	0.410081169401595	41
9.74440202313974e-07	2.39420657086548e-06	0.411082610070628	41
1.04814290333462e-06	5.94601079467713e-06	0.412084050739661	41
4.02808765323839e-06	4.13970520199797e-05	0.413085491408693	41
3.53658325821264e-06	1.04476975135326e-05	0.414086932077726	41
7.34092604970674e-07	9.2270368731924e-06	0.415088372746759	41
1.3486521281944e-07	2.18981709975343e-06	0.416089813415791	41
3.33683496552099e-07	3.53727568622855e-06	0.417091254084824	41
1.06656841665569e-06	4.90499909172913e-06	0.418092694753856	41
6.85824942245299e-07	2.01086045481498e-06	0.419094135422889	41
2.75320545725248e-07	4.85397460074681e-06	0.420095576091922	41
3.6293106795829e-06	0.000108609815636208	0.421097016760954	41
4.10897075806015e-07	4.18901707862408e-05	0.422098457429987	41
6.62376847133535e-06	0.00142956953581084	0.42309989809902	41
4.88371332086382e-06	0.000128891558420492	0.424101338768052	41
9.4530877279737e-06	0.000160051779444408	0.425102779437085	41
2.85857235395592e-06	8.41878750255584e-05	0.426104220106118	41
2.38048749711443e-07	5.66354308778833e-06	0.42710566077515	41
6.0736058250249e-08	1.99032816528866e-06	0.428107101444183	41
6.23408979357333e-07	4.82680376714166e-06	0.429108542113216	41
3.14503679383187e-06	2.4916582958761e-05	0.430109982782248	41
1.75646727675356e-05	0.000106501415276977	0.431111423451281	41
0.000108655624338707	0.00172732193735647	0.432112864120313	41
0.000789631360235823	0.00351342073316147	0.433114304789346	41
0.00225859906816512	0.0112255670440842	0.434115745458379	41
0.000920520958553371	0.0512258190009652	0.435117186127411	41
0.000107105940884099	0.000794677768378348	0.436118626796444	41
9.39548301473765e-05	0.000286606603580327	0.437120067465477	41
1.45195829319588e-05	0.000114715343940278	0.438121508134509	41
0.000125936441126502	0.000651043101421528	0.439122948803542	41
4.42840304125236e-05	0.000575864776122531	0.440124389472575	41
7.76506223610654e-05	0.00224144781069858	0.441125830141607	41
3.66856423958982e-05	0.00165325525319036	0.44212727081064	41
0.000182658928697361	0.00266808298559129	0.443128711479673	41
0.000382962142676233	0.00715570673203216	0.444130152148705	41
0.000925185423275757	0.0248607106695128	0.445131592817738	41
0.00589574207292867	0.108674799824214	0.44613303348677	41
0.00597914953484854	0.118152783864502	0.447134474155803	41
0.119769603302712	0.14650288477526	0.448135914824836	41
0.0119749879526245	0.563031128198208	0.449137355493868	41
0.100253896139636	0.650224613807798	0.450138796162901	41
0.0322740680379491	0.548979346474464	0.451140236831934	41
0.0359077950387271	0.227660173307132	0.452141677500966	41
0.00168771376358737	0.61687013692328	0.453143118169999	41
0.00815478500574627	0.167002663461851	0.454144558839032	41
0.0575496977570442	0.137157947231102	0.455145999508064	41
0.0180803544316917	0.266808177184571	0.456147440177097	41
0.260103088324542	0.299051731746884	0.45714888084613	41
0.00220686327679521	0.440071708201264	0.458150321515162	41
0.118191197248204	0.223217494150676	0.459151762184195	41
0.0609023935476827	0.122975828819951	0.460153202853228	41
0.00106167688807579	0.395011177379939	0.46115464352226	41
0.407295841976456	0.758528290445564	0.462156084191293	41
0.759079184024378	0.792299027758506	0.463157524860325	41
0.743631834894599	0.944785917612977	0.464158965529358	41
0.461999146780205	0.944702002985341	0.465160406198391	41
0.232449275200759	0.737777713285319	0.466161846867423	41
0.00197450252634858	0.280535493965231	0.467163287536456	41
0.0238351008429782	0.120485524625637	0.468164728205489	41
0.0263571422254044	0.472224283730888	0.469166168874521	41
0.149947261664147	0.62776404507816	0.470167609543554	41
0.182176941931723	0.887760006928221	0.471169050212587	41
0.378967303395543	0.797607623789996	0.472170490881619	41
0.80123911722684	0.970760946698061	0.473171931550652	41
0.876856474124383	0.893008016274436	0.474173372219685	41
0.890895095856991	0.903383694157454	0.475174812888717	41
0.896301771162195	0.925304928389255	0.47617625355775	41
0.925859974390681	0.932973255639263	0.477177694226782	41
0.92039452715551	0.931163308287048	0.478179134895815	41
0.894396541197852	0.920034487093806	0.479180575564848	41
0.75663322999844	0.8925579818324	0.48018201623388	41
0.00319273719747738	0.750894283629753	0.481183456902913	41
0.370397507923317	0.675344268301299	0.482184897571946	41
0.677139175546571	0.714401791974681	0.483186338240978	41
0.701573620411051	0.800501164552116	0.484187778910011	41
0.751708047943155	0.918184861144714	0.485189219579044	41
0.763546463748242	0.896248261830237	0.486190660248076	41
0.892607833962743	0.996776288844726	0.487192100917109	41
0.866590605447195	0.983930553739463	0.488193541586142	41
0.668137573131203	0.944046720975258	0.489194982255174	41
0.706309089473449	0.942824487161132	0.490196422924207	41
0.527723578895441	0.924297284145519	0.491197863593239	41
0.656914757297694	0.966923717805282	0.492199304262272	41
0.903504031701721	0.97372280214287	0.493200744931305	41
0.966012669265891	0.983246047348383	0.494202185600337	41
0.974694276541579	0.997690769373129	0.49520362626937	41
0.920148676344637	0.994498981320736	0.496205066938403	41
0.640938724116805	0.954201972168275	0.497206507607435	41
0.692439435047284	0.965370615305889	0.498207948276468	41
0.88254201093379	0.987297040667813	0.499209388945501	41
0.958597517191813	0.994687694295513	0.500210829614533	41
0.993968815956348	0.998281521893207	0.501212270283566	41
0.997557708489744	0.998388534991845	0.502213710952599	41
0.998414587189725	0.999150651272713	0.503215151621631	41
0.999020373763905	0.999458935554381	0.504216592290664	41
0.999460983445787	0.999518800422914	0.505218032959696	41
0.999522132140315	0.999618274869724	0.506219473628729	41
0.999585672264442	0.999622502252459	0.507220914297762	41
0.999441648481834	0.99958362386206	0.508222354966794	41
0.999287646179532	0.999437964724294	0.509223795635827	41
0.999129415406549	0.999277659482777	0.51022523630486	41
0.998234445163815	0.999124224513471	0.511226676973892	41
0.995894789727443	0.999167617379208	0.512228117642925	41
0.96305802564176	0.999031432549716	0.513229558311958	41
0.991719609332469	0.999462972433645	0.51423099898099	41
0.779625585673378	0.993091665370844	0.515232439650023	41
0.923210553059983	0.969876565230317	0.516233880319056	41
0.937219628760028	0.995024364492624	0.517235320988088	41
0.8959728839813	0.994781697325011	0.518236761657121	41
0.762836774525005	0.957824335062211	0.519238202326153	41
0.0821659871677585	0.967485150783321	0.520239642995186	41
0.55624769024499	0.766602269684863	0.521241083664219	41
0.265498082351472	0.655616791486867	0.522242524333251	41
0.112954171765052	0.730162004224137	0.523243965002284	41
0.125436832196122	0.370265020033605	0.524245405671317	41
0.014364361349141	0.122930281672773	0.525246846340349	41
0.075680717592056	0.222213772303516	0.526248287009382	41
0.0502822476895123	0.651513047862188	0.527249727678415	41
0.00659587440186283	0.243491422661464	0.528251168347447	41
0.000503551261260652	0.134306398103159	0.52925260901648	41
0.00229691295310572	0.0418360985613877	0.530254049685513	41
0.00493264638378511	0.0272571475365891	0.531255490354545	41
0.000676772499011313	0.00488050046500156	0.532256931023578	41
0.0010458104546206	0.00759598223437927	0.53325837169261	41
0.00127011816175898	0.0114331142194119	0.534259812361643	41
0.00426788104453432	0.547897548474372	0.535261253030676	41
0.0351876077803585	0.315925872134223	0.536262693699708	41
0.000731310991965437	0.0370814092106922	0.537264134368741	41
0.00737365273952649	0.124252179654334	0.538265575037774	41
0.0022906070417007	0.037072282733726	0.539267015706806	41
0.000556546920062203	0.0272402110960777	0.540268456375839	41
2.46254262411967e-05	0.0041696224248214	0.541269897044872	41
2.71931180477897e-07	0.0124166205488707	0.542271337713904	41
0.00065767040211902	0.00358528542704462	0.543272778382937	41
5.83980379847238e-05	0.0011152198551963	0.54427421905197	41
1.49451965275739e-06	0.000259149206358951	0.545275659721002	41
3.90088982958412e-06	6.914334784178e-05	0.546277100390035	41
1.65022433384734e-05	0.00152451414142905	0.547278541059067	41
4.91659320690515e-05	0.00100318354596413	0.5482799817281	41
1.16110763408307e-05	7.2655569563846e-05	0.549281422397133	41
1.28461923718071e-05	9.65824795337745e-05	0.550282863066165	41
1.32038783937643e-06	1.95339606193183e-05	0.551284303735198	41
6.94566457135091e-07	8.56300535852606e-06	0.552285744404231	41
1.30674852942563e-09	2.19962935690371e-06	0.553287185073263	41
2.82795847574647e-07	3.61708746151468e-06	0.554288625742296	41
1.74575009991782e-07	0.000131434358508792	0.555290066411329	41
4.34518622710842e-06	0.000213100482889711	0.556291507080361	41
3.30705541075993e-06	0.000200260723829067	0.557292947749394	41
4.77369838800951e-06	1.73077440554032e-05	0.558294388418427	41
1.63877484381267e-06	6.23971959320887e-06	0.559295829087459	41
4.99116423314196e-07	2.78598682965193e-06	0.560297269756492	41
2.46697686152063e-07	5.47010912989861e-07	0.561298710425525	41
7.48913579616502e-08	3.18423147592879e-06	0.562300151094557	41
1.24347898016689e-07	3.60679601520491e-07	0.56330159176359	41
9.82996553730715e-11	2.27556027531036e-07	0.564303032432622	41
1.38190456052328e-08	5.36215509854146e-07	0.565304473101655	41
9.27814115590863e-11	5.48915043833895e-07	0.566305913770688	41
3.83776212344407e-07	1.63670342099521e-06	0.56730735443972	41
1.30998606944816e-06	3.14144775842909e-06	0.568308795108753	41
8.62789354068661e-07	2.60856446334206e-06	0.569310235777786	41
1.43864257852967e-07	8.60680801093448e-07	0.570311676446818	41
3.20450754168434e-07	5.40083670203665e-07	0.571313117115851	41
5.4498283966448e-07	2.33528106147702e-06	0.572314557784884	41
1.09873898670607e-06	4.97837232290725e-06	0.573315998453916	41
1.01271252763545e-06	6.30914722859486e-06	0.574317439122949	41
5.57025674263282e-08	2.67429674340467e-06	0.575318879791982	41
6.85444800366506e-08	1.23667238500434e-06	0.576320320461014	41
8.25776168447703e-07	8.50103757762988e-06	0.577321761130047	41
1.16810819611247e-06	7.70359834166366e-05	0.578323201799079	41
1.75693777356943e-07	3.96279442185117e-06	0.579324642468112	41
5.53671836255794e-07	3.92176384377843e-06	0.580326083137145	41
9.05035505993373e-07	0.000205615239733375	0.581327523806177	41
1.08957730380078e-06	1.41082201374458e-05	0.58232896447521	41
5.43755844442719e-08	5.1556508297643e-06	0.583330405144243	41
4.49614723104262e-06	1.09802116044752e-05	0.584331845813275	41
2.33445456177476e-06	7.5821058956479e-06	0.585333286482308	41
2.26362671456439e-07	1.02619927716749e-05	0.586334727151341	41
1.39788487262941e-07	2.14089596054863e-06	0.587336167820373	41
1.13817623443324e-08	8.18133331100703e-07	0.588337608489406	41
4.45890694494452e-08	7.33524196732874e-07	0.589339049158439	41
1.29542429922187e-08	5.19736561389358e-06	0.590340489827471	41
6.08700412171743e-08	2.52251196641515e-07	0.591341930496504	41
9.5627161522969e-08	7.02290814533152e-07	0.592343371165536	41
3.6856747044453e-09	6.7412288375452e-07	0.593344811834569	41
4.70313050272918e-07	1.83153600173376e-05	0.594346252503602	41
6.00961762128053e-06	0.000103809006034841	0.595347693172634	41
9.62548210757347e-05	0.0021728265280065	0.596349133841667	41
0.000424584580346674	0.0419243845097492	0.5973505745107	41
0.000428782280642116	0.00268838715254336	0.598352015179732	41
8.51526674924696e-05	0.00116451069814048	0.599353455848765	41
0.000660781227788093	0.00384783542277647	0.600354896517798	41
0.000942528872420246	0.165896419207309	0.60135633718683	41
0.00131588516960502	0.00252804340401396	0.602357777855863	41
0.0015781286859363	0.00317197114677902	0.603359218524895	41
0.000557406472933697	0.00154624539413194	0.604360659193928	41
3.98011277354e-05	0.0392215398986784	0.605362099862961	41
0.000111908495295475	0.000795478106922152	0.606363540531993	41
0.000139023850526277	0.00243447455671632	0.607364981201026	41
0.00116497778014618	0.0395355561243806	0.608366421870059	41
0.00640899465259494	0.0320820161144488	0.609367862539091	41
0.00804056843906316	0.0220618552246962	0.610369303208124	41
0.00333280923198668	0.042416477047758	0.611370743877157	41
0.00142863012107223	0.0396398760948723	0.612372184546189	41
0.000553896499565172	0.0701716091378088	0.613373625215222	41
0.00130118966093384	0.00645983443134657	0.614375065884255	41
0.000431396355500522	0.00944315675922211	0.615376506553287	41
0.000697364430380868	0.00861819396285518	0.61637794722232	41
2.11945095844064e-05	0.00327969804316258	0.617379387891353	41
9.57728649114842e-07	2.39560209152043e-05	0.618380828560385	41
1.19539983011467e-05	4.66225136072917e-05	0.619382269229418	41
3.52044370502103e-05	4.66728969524854e-05	0.62038370989845	41
4.5632571171262e-06	0.000135806675414783	0.621385150567483	41
3.10068894669726e-06	3.7439260072238e-05	0.622386591236516	41
3.8490695136434e-05	0.000274076775052765	0.623388031905548	41
0.00019670033735829	0.000557479856321195	0.624389472574581	41
0.000215403395621534	0.0173459210023677	0.625390913243614	41
2.722574032708e-05	0.00176944208627141	0.626392353912646	41
5.07403725380004e-07	5.04931299802914e-05	0.627393794581679	41
3.89499499767359e-07	5.78369362089425e-05	0.628395235250712	41
3.52335034485792e-06	3.12666741630112e-05	0.629396675919744	41
8.92103977970351e-06	7.23794412157618e-05	0.630398116588777	41
3.42514259947982e-05	6.89579172194944e-05	0.63139955725781	41
6.21472134131125e-06	9.72982672227771e-05	0.632400997926842	41
7.89952595637182e-06	5.7037700553553e-05	0.633402438595875	41
5.97270665525597e-05	0.000262504825523624	0.634403879264907	41
0.000176788180952002	0.000417926800410292	0.63540531993394	41
2.22716090514936e-06	0.000389279205176483	0.636406760602973	41
1.03583485697044e-07	4.75334956254584e-05	0.637408201272005	41
4.2637391107036e-06	5.34028197116712e-05	0.638409641941038	41
3.91245315835278e-06	1.70601321222015e-05	0.639411082610071	41
4.79175503524652e-08	4.14335571681119e-05	0.640412523279103	41
4.24034605723703e-05	0.000114214312849214	0.641413963948136	41
0.000116228102223877	0.000194413428927441	0.642415404617169	41
0.000193542960553581	0.000286404189267791	0.643416845286201	41
0.000238865638648673	0.00036690896573986	0.644418285955234	41
0.000337628117581832	0.000600819895740697	0.645419726624267	41
6.02160521595605e-05	0.000321788037164449	0.646421167293299	41
3.89306339292104e-05	0.000372710404896303	0.647422607962332	41
1.36598813056746e-05	0.000678477732796032	0.648424048631364	41
5.88933932699707e-05	0.0137261629745534	0.649425489300397	41
0.000421194041558413	0.0744788118245066	0.65042692996943	41
1.56819242852809e-05	0.000592515069515914	0.651428370638462	41
1.20872703634198e-06	2.10749898545341e-05	0.652429811307495	41
1.2424384770001e-06	7.34284827693069e-05	0.653431251976528	41
9.70735840121869e-06	0.000339839995763522	0.65443269264556	41
0.000189599524435888	0.000414357691422577	0.655434133314593	41
0.00019431912839501	0.000392940967535363	0.656435573983626	41
0.00014345678850737	0.00043336918616005	0.657437014652658	41
0.000170387874005507	0.000494654324633146	0.658438455321691	41
5.32494390223265e-05	0.00400636906935155	0.659439895990724	41
2.01154412798442e-05	0.00274713550706059	0.660441336659756	41
4.16554066779512e-05	0.000826546575828847	0.661442777328789	41
2.30321379082781e-06	0.000165253061587963	0.662444217997821	41
1.22532256504354e-05	0.000267351603376031	0.663445658666854	41
8.42880338111188e-05	0.000392708378934639	0.664447099335887	41
5.8568503279166e-05	0.000372174532769469	0.665448540004919	41
0.000119045468036738	0.000312804707540999	0.666449980673952	41
0.000271387898243412	0.000321791529652249	0.667451421342985	41
8.45703882425453e-05	0.000270140333169488	0.668452862012017	41
0.000250212806637747	0.00047402876698519	0.66945430268105	41
0.000282131305088912	0.000655029200418164	0.670455743350083	41
0.000610440161076991	0.000891513970380628	0.671457184019115	41
0.000864118278057622	0.00105123433788369	0.672458624688148	41
0.000350870832224456	0.000853931614752397	0.673460065357181	41
0.000244440909621248	0.000335648866520234	0.674461506026213	41
9.4207312827032e-05	0.000425739274099623	0.675462946695246	41
8.21517634058081e-05	0.00013301451321941	0.676464387364278	41
4.1492083370762e-05	0.000872871041964406	0.677465828033311	41
0.000174197961520663	0.000807454263521902	0.678467268702344	41
0.000353497756928035	0.00308344761882588	0.679468709371376	41
6.87327712136372e-05	0.000682267536723279	0.680470150040409	41
3.54055052196482e-06	0.000551185078961682	0.681471590709442	41
2.19046175503372e-07	0.000101677986565258	0.682473031378474	41
1.76022416935995e-05	5.46467961628802e-05	0.683474472047507	41
6.22086747982311e-05	0.000106238665667891	0.68447591271654	41
6.44351838701224e-05	0.000101999350304569	0.685477353385572	41
3.17176403273525e-05	6.3707207059658e-05	0.686478794054605	41
3.08271653283355e-05	5.34172171537559e-05	0.687480234723638	41
4.90901923752425e-05	5.68785827038317e-05	0.68848167539267	41
1.2604796853918e-05	4.98838871314456e-05	0.689483116061703	41
3.6729958239093e-06	1.22400838318204e-05	0.690484556730736	41
5.0810959056312e-09	1.02459567979836e-05	0.691485997399768	41
3.91426487620555e-10	5.01440393692837e-09	0.692487438068801	41
1.07544656433268e-09	8.65951472955297e-09	0.693488878737833	41
3.89246593754264e-09	3.66933227836103e-06	0.694490319406866	41
3.98180110039808e-06	2.2205385368276e-05	0.695491760075899	41
2.11855170899946e-05	4.16896653746131e-05	0.696493200744931	41
2.74504353982421e-05	0.0002176660101826	0.697494641413964	41
7.95341979453803e-05	0.00165388418999948	0.698496082082997	41
7.19785898911081e-05	0.000581594164804233	0.699497522752029	41
1.0125921535722e-05	0.000301059486561041	0.700498963421062	41
3.09637978073552e-05	0.000155491763877294	0.701500404090095	41
1.02436487600917e-06	5.99666064995152e-05	0.702501844759127	41
8.68779319611167e-07	3.55959448113313e-05	0.70350328542816	41
1.69775986804912e-08	2.12284707200786e-06	0.704504726097193	41
1.59908289060573e-06	6.00379501396968e-06	0.705506166766225	41
1.3667712258526e-06	5.78529839903827e-06	0.706507607435258	41
1.05031247588047e-06	5.55074831419687e-06	0.70750904810429	41
1.01173557219922e-06	3.0548952779794e-06	0.708510488773323	41
4.1803767714389e-07	9.7699363914745e-07	0.709511929442356	41
6.51783180689837e-07	2.69477128255586e-05	0.710513370111388	41
1.50131873387987e-07	4.470142248701e-06	0.711514810780421	41
6.28505252383076e-08	9.61676138160941e-07	0.712516251449454	41
4.25131899368732e-08	1.23557621066989e-06	0.713517692118486	41
3.16363372596148e-07	1.1938962622648e-06	0.714519132787519	41
2.14011609810463e-08	4.03319125840145e-07	0.715520573456552	41
1.00710518809087e-07	2.27873242205615e-06	0.716522014125584	41
7.31925687576262e-07	2.50916692364409e-05	0.717523454794617	41
5.78499149605918e-08	1.7660527041836e-06	0.71852489546365	41
7.4039384340276e-08	5.71001858557706e-06	0.719526336132682	41
5.22145064570442e-07	1.10663825350737e-05	0.720527776801715	41
9.96518393873089e-07	6.15620941929228e-06	0.721529217470747	41
6.12513146115881e-10	1.40633320521155e-06	0.72253065813978	41
8.08725595125308e-09	6.15028325220113e-08	0.723532098808813	41
2.16888373396849e-10	9.7338646575718e-08	0.724533539477845	41
2.09862477245856e-09	1.11354099419579e-07	0.725534980146878	41
6.51226835545067e-09	5.29899520885318e-08	0.726536420815911	41
1.80626071176237e-08	2.51893692218327e-08	0.727537861484943	41
2.56158738516854e-08	7.24811955620408e-07	0.728539302153976	41
8.85560811129722e-08	1.04874730504571e-06	0.729540742823009	41
4.14123450776657e-07	4.22309916726083e-06	0.730542183492041	41
1.45899110451114e-06	1.66743950142242e-05	0.731543624161074	41
5.24911231118783e-06	1.1943594714025e-05	0.732545064830107	41
3.35095322261325e-06	5.20227060357183e-06	0.733546505499139	41
8.25890786475645e-07	3.50246104923925e-06	0.734547946168172	41
1.22863819382271e-08	7.6941576030279e-07	0.735549386837204	41
2.0901113282504e-08	9.09663301745638e-08	0.736550827506237	41
4.22547677015205e-09	1.46772483934848e-07	0.73755226817527	41
2.89244945019848e-08	1.2094248510599e-06	0.738553708844302	41
6.73651144218785e-07	1.36070653774683e-06	0.739555149513335	41
4.13872810590076e-07	7.72213534127833e-06	0.740556590182368	41
2.68050933487833e-06	3.21016217225694e-05	0.7415580308514	41
9.46990893226452e-07	2.35313309763567e-05	0.742559471520433	41
8.47980395255004e-07	4.12415802848204e-06	0.743560912189466	41
7.62860176733278e-08	3.87005841487653e-06	0.744562352858498	41
5.83157722499123e-07	7.01442845755351e-05	0.745563793527531	41
2.46735030156034e-07	8.69695892166918e-06	0.746565234196564	41
1.72375776871983e-06	1.73332103206641e-05	0.747566674865596	41
5.18832105631553e-07	1.5804100384478e-05	0.748568115534629	41
6.78802419768369e-07	2.62852553825447e-05	0.749569556203661	41
1.55567156407908e-06	1.1541332239407e-05	0.750570996872694	41
1.26960723812861e-06	3.89595617383295e-05	0.751572437541727	41
3.68996074445081e-06	1.26221001332708e-05	0.752573878210759	41
4.30087767587977e-06	6.14507181675614e-06	0.753575318879792	41
1.62039455359557e-06	2.9511887017995e-05	0.754576759548825	41
1.79939105498504e-05	0.000136011854813239	0.755578200217857	41
4.24326043135772e-06	1.74096207987068e-05	0.75657964088689	41
8.47107788830997e-07	0.000392799961225828	0.757581081555923	41
0.000367770461967281	0.0031993517691401	0.758582522224955	41
0.000198376933037997	0.00119137006235899	0.759583962893988	41
2.43107046261522e-05	0.000264172914789962	0.760585403563021	41
0.000214608136544352	0.0112579771423126	0.761586844232053	41
0.00181515973163663	0.0203571701280196	0.762588284901086	41
0.000254246598903135	0.00172661013578232	0.763589725570118	41
0.000349102025927337	0.000602380579574219	0.764591166239151	41
0.000364809241091343	0.00118827375133146	0.765592606908184	41
0.000263448222003028	0.000391714047507307	0.766594047577216	41
0.000338118634083014	0.000440447972843011	0.767595488246249	41
0.00024067199993112	0.0043749975368547	0.768596928915282	41
2.96329332728141e-05	0.000374686927452764	0.769598369584314	41
0.00038769221258917	0.000594484008965669	0.770599810253347	41
0.000575026379886418	0.000955353997627913	0.77160125092238	41
0.000747718334862794	0.00204421131036332	0.772602691591412	41
0.000581049560672327	0.0226209353054196	0.773604132260445	41
0.00828845213667133	0.141311315147279	0.774605572929478	41
0.00323999114265722	0.0574979927391594	0.77560701359851	41
0.00112367229401503	0.0182851426162507	0.776608454267543	41
0.00439237597721633	0.0558084989654603	0.777609894936575	41
0.00374825158727804	0.112752608766075	0.778611335605608	41
0.00793545689803179	0.00863971504195575	0.779612776274641	41
0.00346116283243575	0.0260492596168692	0.780614216943673	41
0.00188930528764128	0.0128237658998507	0.781615657612706	41
0.00120753381328466	0.00848420896404403	0.782617098281739	41
6.41051503479229e-06	0.00371005231173363	0.783618538950771	41
0.000624823205000898	0.00875404574881078	0.784619979619804	41
0.000257203760922521	0.00406618466050414	0.785621420288837	41
1.0443375653623e-05	0.000397370772790521	0.786622860957869	41
3.05918913890723e-05	0.00104177393648359	0.787624301626902	41
3.52532839367153e-06	0.000411987932424958	0.788625742295935	41
5.28797991040927e-06	4.33288651143772e-05	0.789627182964967	41
6.37977052538021e-07	1.62043355174993e-05	0.790628623634	41
1.68164141959517e-05	5.04228531344925e-05	0.791630064303032	41
5.01384032473584e-06	9.49691443434032e-05	0.792631504972065	41
3.93236028885403e-05	0.000293997591129444	0.793632945641098	41
5.93369485311529e-06	6.51267982640182e-05	0.79463438631013	41
1.12197026648267e-08	5.71487567586582e-05	0.795635826979163	41
1.42149056528914e-08	1.56764210912655e-05	0.796637267648196	41
3.10497851984618e-07	5.74819827676957e-06	0.797638708317228	41
6.88450647638988e-09	5.84771617868602e-06	0.798640148986261	41
2.74744455106359e-09	3.50313346956321e-07	0.799641589655294	41
6.34908190020684e-08	0.000313800274352442	0.800643030324326	41
1.35233284875247e-06	5.20702606726173e-05	0.801644470993359	41
3.14224628747737e-05	0.00839624549777534	0.802645911662392	41
0.0141908218813284	0.0421918788917596	0.803647352331424	41
0.0155197142015752	0.0460736075172508	0.804648793000457	41
0.0435591825248454	0.643348390454217	0.805650233669489	41
0.106896402173326	0.430318894854848	0.806651674338522	41
0.0395388611213795	0.103150173216903	0.807653115007555	41
0.00522166096912089	0.0378183488288818	0.808654555676587	41
0.00716635328064887	0.0154371784464383	0.80965599634562	41
0.0164669108338751	0.0944092824338967	0.810657437014653	41
0.00605452331436746	0.521011562778711	0.811658877683685	41
0.000299412670410857	0.0117205015643708	0.812660318352718	41
0.000333447070953146	0.0169383204207617	0.813661759021751	41
0.000444249317072957	0.00774733060928704	0.814663199690783	41
0.00444249465428211	0.0364527916330252	0.815664640359816	41
0.0107566704425344	0.692852885401329	0.816666081028849	41
0.010604834252899	0.0300290016065074	0.817667521697881	41
0.00658178621794691	0.154134632939096	0.818668962366914	41
0.0822657811914989	0.117824105932902	0.819670403035947	41
0.118030911922017	0.251562261555112	0.820671843704979	41
0.258295544415672	0.699710193798693	0.821673284374012	41
0.434624692231479	0.510886689760843	0.822674725043044	41
0.393967445354358	0.570333245583786	0.823676165712077	41
0.31097706785417	0.443673640542073	0.82467760638111	41
0.24536754595601	0.439455635319398	0.825679047050142	41
0.131599676261596	0.241711231961138	0.826680487719175	41
0.116904136832397	0.197668531337529	0.827681928388208	41
0.067786412862199	0.130283454980474	0.82868336905724	41
0.069881915566092	0.163590687134882	0.829684809726273	41
0.139967018351356	0.713608284183214	0.830686250395306	41
0.0275928663734951	0.18505823993248	0.831687691064338	41
0.0195130857236568	0.0284910321296577	0.832689131733371	41
0.00020661569624993	0.0582765699366817	0.833690572402403	41
0.023185069146171	0.0649196403460021	0.834692013071436	41
0.0657157367376212	0.227688403955318	0.835693453740469	41
0.23169811618775	0.288074293735875	0.836694894409501	41
0.181262122109155	0.278727384721152	0.837696335078534	41
0.121560534881928	0.230351634705269	0.838697775747567	41
0.0181964750431652	0.233243167217781	0.839699216416599	41
0.000863266060643614	0.017572031185762	0.840700657085632	41
0.00109004150403496	0.00934371266444371	0.841702097754665	41
0.00278320197044777	0.0659316312880455	0.842703538423697	41
0.0648919160301474	0.75444621693787	0.84370497909273	41
0.0729521458173109	0.360394671483925	0.844706419761763	41
0.00497124341400426	0.122250041507657	0.845707860430795	41
0.00102041049581811	0.0138515245492766	0.846709301099828	41
0.00059064327839583	0.00779103638656163	0.847710741768861	41
2.40588739198733e-05	0.000866166010102401	0.848712182437893	41
6.2697108237883e-06	0.0016802858527714	0.849713623106926	41
0.000727183327830013	0.0619176364218404	0.850715063775958	41
0.000270749383872602	0.00789688173220548	0.851716504444991	41
0.000664875118657166	0.00433446209777205	0.852717945114024	41
2.89689647001095e-07	0.000616095732484449	0.853719385783056	41
5.55777466746556e-06	0.000439742794957943	0.854720826452089	41
0.000556763662286651	0.0237010685913962	0.855722267121122	41
8.06130375632894e-05	0.00212154596383169	0.856723707790154	41
8.81075439317303e-05	0.00146830896193873	0.857725148459187	41
2.54951288847538e-05	0.00213995647045497	0.85872658912822	41
0.00225528049152682	0.00843036385037299	0.859728029797252	41
0.00333326847556337	0.0142124827739942	0.860729470466285	41
0.00227863556919792	0.00574723929959753	0.861730911135318	41
0.000121082318162754	0.00408617341510679	0.86273235180435	41
0.000957129034634602	0.0256231733902973	0.863733792473383	41
0.0121920309397723	0.235497285909537	0.864735233142415	41
0.0251170357214119	0.25127961374982	0.865736673811448	41
0.031473641824385	0.551397839325595	0.866738114480481	41
0.00447341256549712	0.261170693002516	0.867739555149513	41
0.0131515451396232	0.0397722792690625	0.868740995818546	41
0.0129694690618351	0.0346262657150486	0.869742436487579	41
0.007072062848781	0.0841524331741624	0.870743877156611	41
0.00183725422471554	0.0348228561783368	0.871745317825644	41
0.0151122070366698	0.0886205574806278	0.872746758494677	41
0.0278727404264837	0.19437772380561	0.873748199163709	41
0.0346841048966167	0.659869746253974	0.874749639832742	41
0.00322387796843198	0.0424757589413809	0.875751080501775	41
0.00107802573819456	0.018540361427268	0.876752521170807	41
0.000666382327273146	0.00240559809050305	0.87775396183984	41
0.000833665086994445	0.0118308612613666	0.878755402508872	41
0.000450234427277715	0.010284554604109	0.879756843177905	41
0.000156011718278991	0.000695583245986785	0.880758283846938	41
2.45713149728982e-07	0.000681189247325219	0.88175972451597	41
2.86236954792023e-07	0.000365830916768796	0.882761165185003	41
4.29766616344819e-05	0.00204735808010427	0.883762605854036	41
5.33098992079141e-06	0.000484480460624163	0.884764046523068	41
7.40994923824797e-07	3.52606912588582e-05	0.885765487192101	41
1.16384263442214e-05	2.8481949541025e-05	0.886766927861134	41
1.37261100494147e-07	1.50475902996221e-05	0.887768368530166	41
1.0326600628096e-05	0.000293994767842203	0.888769809199199	41
2.40735393913832e-05	0.000447942893639579	0.889771249868232	41
0.000257807665084408	0.00094095142133782	0.890772690537264	41
0.000271851809495343	0.000975737705179084	0.891774131206297	41
2.97488842169032e-05	0.000526174609107342	0.89277557187533	41
6.60069836833752e-06	8.6547069260714e-05	0.893777012544362	41
2.41438956627099e-07	9.39941579223232e-06	0.894778453213395	41
8.40549777565812e-07	6.09274761160026e-05	0.895779893882427	41
3.28536549054501e-06	5.79961776274726e-05	0.89678133455146	41
1.15833750553596e-07	1.45402753195208e-05	0.897782775220493	41
5.31705565415811e-08	8.7214036682573e-06	0.898784215889525	41
6.74743320910058e-08	7.10079365593152e-06	0.899785656558558	41
9.23611516052514e-07	2.37782555108881e-05	0.90078709722759	41
2.51407083694867e-05	5.9519174688769e-05	0.901788537896623	41
7.38113601715176e-06	5.09147712097312e-05	0.902789978565656	41
4.08169523547751e-08	6.89451036000842e-06	0.903791419234689	41
4.7237869652668e-07	0.000193043856755939	0.904792859903721	41
0.000134160667700485	0.00186313615449064	0.905794300572754	41
0.000349068142663435	0.000752981962501607	0.906795741241787	41
0.00016764102208841	0.00239133219600759	0.907797181910819	41
0.00183231972823083	0.0119724781392981	0.908798622579852	41
0.00064020135416939	0.0266306436248581	0.909800063248884	41
0.0013065871600835	0.00356495940423004	0.910801503917917	41
0.00298845494790924	0.0125295415080573	0.91180294458695	41
0.00314420767166883	0.00770384200429669	0.912804385255982	41
0.00178002484276296	0.00502254450764884	0.913805825925015	41
0.00154185733509341	0.00202640361529779	0.914807266594048	41
0.00206818932238079	0.007925365335886	0.91580870726308	41
0.00809745953944207	0.0284948169508373	0.916810147932113	41
0.0191519088475572	0.0444497835823393	0.917811588601145	41
0.019493139855626	0.0225377941305423	0.918813029270178	41
0.0230203720368578	0.0746424209688226	0.919814469939211	41
0.00232475648655758	0.0925081301091262	0.920798341473699	41
0.0403014968676589	0.155282313299104	0.921782213008187	41
0.0962374518475944	0.145621634846341	0.922766084542675	41
0.0521628436847762	0.0948237163630993	0.923749956077164	41
0.0431450464769529	0.0519346349171083	0.924733827611652	41
0.0433027102793284	0.0496173753755698	0.92571769914614	41
0.0488887551271137	0.0556633427653889	0.926701570680628	41
0.0493733889994921	0.0557985713651049	0.927685442215117	41
0.0389411208241855	0.0553658180414141	0.928669313749605	41
0.0209420778294922	0.0403211238903556	0.929653185284093	41
0.00782529713168598	0.0636418424187438	0.930637056818581	41
0.00781099276957951	0.0181374490274287	0.931620928353069	41
0.018416115150661	0.0733904989563766	0.932604799887558	41
0.0730856360855965	0.184129098867586	0.933588671422046	41
0.184711613582696	0.235435314193587	0.934572542956534	41
0.22386989850133	0.246681033162933	0.935556414491022	41
0.111861525168819	0.221098696932458	0.93654028602551	41
0.0989121421530331	0.158810836843887	0.937524157559999	41
0.159373704712114	0.16864779520861	0.938508029094487	41
0.103840241048192	0.161877808657216	0.939491900628975	41
0.0466334899634309	0.104479423752057	0.940475772163463	41
0.0125228034780334	0.046487658469005	0.941459643697952	41
0.00947110835688724	0.0168981284595901	0.94244351523244	41
0.0142296610078045	0.0256291241888894	0.943427386766928	41
0.0196312520301542	0.0253259132198965	0.944411258301416	41
0.0186565179544921	0.0200541715703837	0.945395129835904	41
0.00692863628120502	0.0184357519366895	0.946379001370392	41
0.00538528800012625	0.00701716164809783	0.947362872904881	41
0.00651593282592022	0.0182367130826234	0.948346744439369	41
0.0178358321709218	0.0187999149249381	0.949330615973857	41
0.0183054003172295	0.0218354814126494	0.950314487508345	41
0.00760681992879423	0.0226675452867752	0.951298359042834	41
0.00742374532076758	0.0149876285616242	0.952282230577322	41
0.015213721556656	0.0248268501848063	0.95326610211181	41
0.0230505009061546	0.0252735476464588	0.954249973646298	41
0.0241809969642051	0.0306454606804084	0.955233845180786	41
0.0126115973386302	0.0312156806241707	0.956217716715275	41
0.00749199162045063	0.013648450392103	0.957201588249763	41
0.0136531302790912	0.122886879244208	0.958185459784251	41
0.0215767258822472	0.0777286695910984	0.959169331318739	41
0.00341411444974171	0.0209920145372835	0.960153202853227	41
0.0179939162103445	0.058979286361635	0.961137074387716	41
0.0203206890306722	0.0252206823468928	0.962120945922204	41
0.0110114079122503	0.268440196884348	0.963104817456692	41
0.0124418999810398	0.0521758213975188	0.96408868899118	41
0.00189311308713904	0.0567023172052191	0.965072560525669	41
0.000110427484242677	0.00771032137181356	0.966056432060157	41
0.000493086512620988	0.00714342051512489	0.967040303594645	41
0.00241611677017882	0.0993293803323748	0.968024175129133	41
0.00562509674313898	0.0357374064340025	0.969008046663621	41
0.0025151683076929	0.00640957882252038	0.96999191819811	41
0.00593412149222047	0.210384451813675	0.970975789732598	41
0.00392849779753159	0.0761825873919959	0.971959661267086	41
0.000267341836073288	0.00625497793490661	0.972943532801574	41
5.07035068538233e-05	0.00125678092852344	0.973927404336062	41
0.000441676787715674	0.00491348963744992	0.974911275870551	41
0.00263534829288769	0.217453622795087	0.975895147405039	41
0.000716233066619865	0.013790196037116	0.976879018939527	41
0.000101424170144938	0.00463122813237846	0.977862890474015	41
2.2650088958084e-08	9.85355054734001e-05	0.978846762008503	41
1.16970655204891e-06	6.43444985892372e-06	0.979830633542992	41
4.85964960100117e-06	1.12543408220782e-05	0.98081450507748	41
2.27208410948892e-06	2.47052480203758e-05	0.981798376611968	41
1.44188072034268e-06	2.75067178952115e-05	0.982782248146456	41
9.80887170447736e-09	0.000101773492647732	0.983766119680945	41
0.000106134542516361	0.000182604983014116	0.984749991215433	41
0.000128270306525253	0.00016530413027187	0.985733862749921	41
7.06480616392802e-05	0.000126545108965207	0.986717734284409	41
9.53170203865002e-05	0.000134902660778748	0.987701605818897	41
1.56900607555753e-05	0.000108105453318602	0.988685477353386	41
1.15289946834747e-06	1.52963977742681e-05	0.989669348887874	41
1.03224023715474e-07	1.75196971934761e-05	0.990653220422362	41
6.52941647991312e-07	3.30220699255747e-05	0.99163709195685	41
3.37603090082976e-05	7.43832381614328e-05	0.992620963491338	41
7.44188997344508e-06	7.44545299994209e-05	0.993604835025827	41
1.13360393413993e-05	3.12115363724208e-05	0.994588706560315	41
1.41677557018299e-06	1.11413893874642e-05	0.995572578094803	41
1.51730765618469e-06	5.19003049641309e-06	0.996556449629291	41
1.78605614942808e-07	3.81557419682284e-06	0.997540321163779	41
8.72115444534808e-10	3.8298803141417e-07	0.998524192698268	41
5.38900019136156e-10	3.38133685902464e-07	0.999508064232756	41
